0     1
1     0
2     0
3     0
4     1
5     1
6     2
7     1
8     1
9     0
10     0
11     0
12     1
13     2
14     1
15     2
16     0
17     2
18     2
19     3
20     1
21     1
22     1
23     0
24     1
25     4
26     1
27     1
28     3
29     5
30     0
31     0
32     5
33     7
34     4
35     5
36     5
37     6
38     5
39     0
40     0
41     0
42     1
43     3
44     3
45     1
46     4
47     2
48     3
49     1
50     3
51     0
52     1
53     1
54     4
55     2
56     2
57     1
58     0
59     2
60     3
61     4
62     3
63     8
64     8
65     1
66     4
67    12
68    14
69    11
70    13
71    13
72    10
73     7
74    14
75    23
76    21
77    30
78    30
79    13
80    26
81    28
82    33
83    22
84    40
85    28
86    53
87    48
88    61
89    58
90    57
91    67
92    53
93    56
94    45
95    51
96    44
97    59
98    61
99    59
100    50
101    42
102    69
103    30
104    25
105    31
106    29
107    25
108    22
109    39
110    43
111    40
112    34
113    26
114    23
115    27
116    19
117    25
118    30
119    23
120    30
121    25
122    17
123    24
124    21
125    18
126    19
127    13
128     4
129     8
130     5
131     7
132     3
133     5
134     4
135     5
136     0
137     4
138     5
139     5
140     5
141     1
142     1
143     0
144     2
145     2
146     0
147     0
148     3
149     4
150     0
151     2
152     1
153     1
154     0
155     0
156     0
157     2
158     2
159     1
160     2
161     1
162     2
163     1
164     1
165     0
166     3
167     3
168     3
169     1
170     1
171     0
172     1
173     1
174     1
175     0
176     0
177     0
178     0
179     1
180     0
181     0
182     1
183     2
184     0
185     0
186     2
187     0
188     0
189     0
190     1
191     0
192     0
193     2
194     2
195     0
196     1
197     0
198     1
199     0
200     2
201     2
202     3
203     0
204     0
205     1
206     2
207     0
208     0
209     0
210     1
211     0
212     1
213     1
214     0
215     1
216     1
217     0
218     1
219     0
220     4
221     0
222     0
223     2
224     0
225     2
226     0
227     0
228     0
229     0
230     0
231     0
232     0
233     0
234     0
235     1
236     1
237     1
238     0
239     1
240     0
241     2